 -222    0    -1020000030        anti_Xi-tribaryon
 -221    0    -1020000021         anti_Xi-dibaryon
 -220    0    -1020000020          anti_H-dibaryon
 -213    1    -1010010040            anti_Hyper???
 -211    0    -1010010030         anti_Hypertriton
 -203    0    -1000020040             anti_Helium4
 -202   -1    -1000020030             anti_Helium3
 -201    1    -1000010030              anti_Triton
 -200    0    -1000010020            anti_Deuteron
 -139    0           -433                     Ds*-
 -138    0           -431                      Ds-
 -134   -1         -10411                D*(2400)-
 -134    1         -10421           anti_D*(2400)0
 -133   -1           -411                       D-
 -133    1           -421                  anti_D0
 -129   -1         -30323            k_star(1680)-
 -129    1         -30313       anti_k_star(1680)0
 -125   -1        -100323            k_star(1410)-
 -125    1        -100313       anti_k_star(1410)0
 -121   -1         -20323                k1(1400)-
 -121    1         -20313           anti_k1(1400)0
 -117   -1           -325           k2_star(1430)-
 -117    1           -315      anti_k2_star(1430)0
 -113   -1         -10323                k1(1270)-
 -113    1         -10313           anti_k1(1270)0
 -110   -1         -10321           k0_star(1430)-
 -110    1         -10311      anti_k0_star(1430)0
 -108   -1           -323                  k_star-
 -108    1           -313             anti_k_star0
 -106   -1           -321                    kaon-
 -106    1           -311               anti_kaon0
  -70    0          -4122           anti_lambda_c+
  -69    0          -3334              anti_omega-
  -68   -1         -13326           anti_xi(2030)0
  -68    1         -13316           anti_xi(2030)-
  -67   -1         -33324           anti_xi(1950)0
  -67    1         -33314           anti_xi(1950)-
  -66   -1         -13324           anti_xi(1820)0
  -66    1         -13314           anti_xi(1820)-
  -65   -1         -23324           anti_xi(1690)0
  -65    1         -23314           anti_xi(1690)-
  -64   -1          -3324           anti_xi(1530)0
  -64    1          -3314           anti_xi(1530)-
  -63   -1          -3322                 anti_xi0
  -63    1          -3312                 anti_xi-
  -62   -2          -3228        anti_sigma(2030)+
  -62    0          -3218        anti_sigma(2030)0
  -62    2          -3118        anti_sigma(2030)-
  -61   -2         -23224        anti_sigma(1940)+
  -61    0         -23214        anti_sigma(1940)0
  -61    2         -23114        anti_sigma(1940)-
  -60   -2         -13226        anti_sigma(1915)+
  -60    0         -13216        anti_sigma(1915)0
  -60    2         -13116        anti_sigma(1915)-
  -59   -2          -3226        anti_sigma(1775)+
  -59    0          -3216        anti_sigma(1775)0
  -59    2          -3116        anti_sigma(1775)-
  -58   -2         -23222        anti_sigma(1750)+
  -58    0         -23212        anti_sigma(1750)0
  -58    2         -23112        anti_sigma(1750)-
  -57   -2         -13224        anti_sigma(1670)+
  -57    0         -13214        anti_sigma(1670)0
  -57    2         -13114        anti_sigma(1670)-
  -56   -2         -13222        anti_sigma(1660)+
  -56    0         -13212        anti_sigma(1660)0
  -56    2         -13112        anti_sigma(1660)-
  -55   -2          -3224        anti_sigma(1385)+
  -55    0          -3214        anti_sigma(1385)0
  -55    2          -3114        anti_sigma(1385)-
  -54   -2          -3222              anti_sigma+
  -54    0          -3212              anti_sigma0
  -54    2          -3112              anti_sigma-
  -53    0         -23126        anti_lambda(2110)
  -52    0          -3128        anti_lambda(2100)
  -51    0         -23124        anti_lambda(1890)
  -50    0         -13126        anti_lambda(1830)
  -49    0          -3126        anti_lambda(1820)
  -48    0         -53122        anti_lambda(1810)
  -47    0         -43122        anti_lambda(1800)
  -46    0         -13124        anti_lambda(1690)
  -45    0         -33122        anti_lambda(1670)
  -44    0         -23122        anti_lambda(1600)
  -43    0          -3124        anti_lambda(1520)
  -42    0         -13122        anti_lambda(1405)
  -41    0          -3122              anti_lambda
  -40   -3              0       anti_delta(3700)++
  -40   -1              0        anti_delta(3700)+
  -40    1              0        anti_delta(3700)0
  -40    3              0        anti_delta(3700)-
  -39   -3              0       anti_delta(3700)++
  -39   -1              0        anti_delta(3700)+
  -39    1              0        anti_delta(3700)0
  -39    3              0        anti_delta(3700)-
  -38   -3              0       anti_delta(3500)++
  -38   -1              0        anti_delta(3500)+
  -38    1              0        anti_delta(3500)0
  -38    3              0        anti_delta(3500)-
  -37   -3              0       anti_delta(3300)++
  -37   -1              0        anti_delta(3300)+
  -37    1              0        anti_delta(3300)0
  -37    3              0        anti_delta(3300)-
  -36   -3              0       anti_delta(2950)++
  -36   -1              0        anti_delta(2950)+
  -36    1              0        anti_delta(2950)0
  -36    3              0        anti_delta(2950)-
  -35   -3              0       anti_delta(2750)++
  -35   -1              0        anti_delta(2750)+
  -35    1              0        anti_delta(2750)0
  -35    3              0        anti_delta(2750)-
  -34   -3              0       anti_delta(2420)++
  -34   -1              0        anti_delta(2420)+
  -34    1              0        anti_delta(2420)0
  -34    3              0        anti_delta(2420)-
  -33   -3          -2228       anti_delta(1950)++
  -33   -1          -2218        anti_delta(1950)+
  -33    1          -2118        anti_delta(1950)0
  -33    3          -1118        anti_delta(1950)-
  -32   -3         -12226       anti_delta(1930)++
  -32   -1         -12126        anti_delta(1930)+
  -32    1         -11216        anti_delta(1930)0
  -32    3         -11116        anti_delta(1930)-
  -31   -3         -22224       anti_delta(1920)++
  -31   -1         -22214        anti_delta(1920)+
  -31    1         -22114        anti_delta(1920)0
  -31    3         -21114        anti_delta(1920)-
  -30   -3         -22222       anti_delta(1910)++
  -30   -1         -22122        anti_delta(1910)+
  -30    1         -21212        anti_delta(1910)0
  -30    3         -21112        anti_delta(1910)-
  -29   -3          -2226       anti_delta(1905)++
  -29   -1          -2126        anti_delta(1905)+
  -29    1          -1216        anti_delta(1905)0
  -29    3          -1116        anti_delta(1905)-
  -28   -3         -12222       anti_delta(1900)++
  -28   -1         -12122        anti_delta(1900)+
  -28    1         -11212        anti_delta(1900)0
  -28    3         -11112        anti_delta(1900)-
  -27   -3         -12224       anti_delta(1700)++
  -27   -1         -12214        anti_delta(1700)+
  -27    1         -12114        anti_delta(1700)0
  -27    3         -11114        anti_delta(1700)-
  -26   -3          -2222       anti_delta(1620)++
  -26   -1          -2122        anti_delta(1620)+
  -26    1          -1212        anti_delta(1620)0
  -26    3          -1112        anti_delta(1620)-
  -25   -3         -32224       anti_delta(1600)++
  -25   -1         -32214        anti_delta(1600)+
  -25    1         -32114        anti_delta(1600)0
  -25    3         -31114        anti_delta(1600)-
  -24   -3          -2224             anti_delta++
  -24   -1          -2214              anti_delta+
  -24    1          -2114              anti_delta0
  -24    3          -1114              anti_delta-
  -23   -1              0            anti_N(4100)+
  -23    1              0            anti_N(4100)0
  -22   -1              0            anti_N(3800)+
  -22    1              0            anti_N(3800)0
  -21   -1              0            anti_N(3500)+
  -21    1              0            anti_N(3500)0
  -20   -1              0            anti_N(3100)+
  -20    1              0            anti_N(3100)0
  -19   -1              0            anti_N(2700)+
  -19    1              0            anti_N(2700)0
  -18   -1              0            anti_N(1875)+
  -18    1              0            anti_N(1875)0
  -17   -1              0            anti_N(2600)+
  -17    1              0            anti_N(2600)0
  -16   -1     -100012210            anti_N(2250)+
  -16    1     -100012110            anti_N(2250)0
  -15   -1     -100002210            anti_N(2220)+
  -15    1     -100002110            anti_N(2220)0
  -14   -1          -2128            anti_N(2190)+
  -14    1          -1218            anti_N(2190)0
  -13   -1         -52214            anti_N(2090)+
  -13    1         -52114            anti_N(2090)0
  -12   -1         -12218            anti_N(1990)+
  -12    1         -12118            anti_N(1990)0
  -11   -1         -42124            anti_N(1900)+
  -11    1         -41214            anti_N(1900)0
  -10   -1         -32124            anti_N(1720)+
  -10    1         -31214            anti_N(1720)0
   -9   -1         -42212            anti_N(1710)+
   -9    1         -42112            anti_N(1710)0
   -8   -1         -22124            anti_N(1700)+
   -8    1         -21214            anti_N(1700)0
   -7   -1         -12216            anti_N(1680)+
   -7    1         -12116            anti_N(1680)0
   -6   -1          -2216            anti_N(1675)+
   -6    1          -2116            anti_N(1675)0
   -5   -1         -32212            anti_N(1650)+
   -5    1         -32112            anti_N(1650)0
   -4   -1         -22212            anti_N(1535)+
   -4    1         -22112            anti_N(1535)0
   -3   -1          -2124            anti_N(1520)+
   -3    1          -1214            anti_N(1520)0
   -2   -1         -12212            anti_N(1440)+
   -2    1         -12112            anti_N(1440)0
   -1   -1          -2212              anti_Proton
   -1    1          -2112             anti_Neutron
    1   -1           2112                  Neutron
    1    1           2212                   Proton
    2   -1          12112                 N(1440)0
    2    1          12212                 N(1440)+
    3   -1           1214                 N(1520)0
    3    1           2124                 N(1520)+
    4   -1          22112                 N(1535)0
    4    1          22212                 N(1535)+
    5   -1          32112                 N(1650)0
    5    1          32212                 N(1650)+
    6   -1           2116                 N(1675)0
    6    1           2216                 N(1675)+
    7   -1          12116                 N(1680)0
    7    1          12216                 N(1680)+
    8   -1          21214                 N(1700)0
    8    1          22124                 N(1700)+
    9   -1          42112                 N(1710)0
    9    1          42212                 N(1710)+
   10   -1          31214                 N(1720)0
   10    1          32124                 N(1720)+
   11   -1          41214                 N(1900)0
   11    1          42124                 N(1900)+
   12   -1          12118                 N(1990)0
   12    1          12218                 N(1990)+
   13   -1          52114                 N(2090)0
   13    1          52214                 N(2090)+
   14   -1           1218                 N(2190)0
   14    1           2128                 N(2190)+
   15   -1      100002110                 N(2220)0
   15    1      100002210                 N(2220)+
   16   -1      100012110                 N(2250)0
   16    1      100012210                 N(2250)+
   17   -1              0                 N(2600)0
   17    1              0                 N(2600)+
   18   -1              0                 N(1875)0
   18    1              0                 N(1875)+
   19   -1              0                 N(2700)0
   19    1              0                 N(2700)+
   20   -1              0                 N(3100)0
   20    1              0                 N(3100)+
   21   -1              0                 N(3500)0
   21    1              0                 N(3500)+
   22   -1              0                 N(3800)0
   22    1              0                 N(3800)+
   23   -1              0                 N(4100)0
   23    1              0                 N(4100)+
   24   -3           1114                   delta-
   24   -1           2114                   delta0
   24    1           2214                   delta+
   24    3           2224                  delta++
   25   -3          31114             delta(1600)-
   25   -1          32114             delta(1600)0
   25    1          32214             delta(1600)+
   25    3          32224            delta(1600)++
   26   -3           1112             delta(1620)-
   26   -1           1212             delta(1620)0
   26    1           2122             delta(1620)+
   26    3           2222            delta(1620)++
   27   -3          11114             delta(1700)-
   27   -1          12114             delta(1700)0
   27    1          12214             delta(1700)+
   27    3          12224            delta(1700)++
   28   -3          11112             delta(1900)-
   28   -1          11212             delta(1900)0
   28    1          12122             delta(1900)+
   28    3          12222            delta(1900)++
   29   -3           1116             delta(1905)-
   29   -1           1216             delta(1905)0
   29    1           2126             delta(1905)+
   29    3           2226            delta(1905)++
   30   -3          21112             delta(1910)-
   30   -1          21212             delta(1910)0
   30    1          22122             delta(1910)+
   30    3          22222            delta(1910)++
   31   -3          21114             delta(1920)-
   31   -1          22114             delta(1920)0
   31    1          22214             delta(1920)+
   31    3          22224            delta(1920)++
   32   -3          11116             delta(1930)-
   32   -1          11216             delta(1930)0
   32    1          12126             delta(1930)+
   32    3          12226            delta(1930)++
   33   -3           1118             delta(1950)-
   33   -1           2118             delta(1950)0
   33    1           2218             delta(1950)+
   33    3           2228            delta(1950)++
   34   -3              0             delta(2420)-
   34   -1              0             delta(2420)0
   34    1              0             delta(2420)+
   34    3              0            delta(2420)++
   35   -3              0             delta(2750)-
   35   -1              0             delta(2750)0
   35    1              0             delta(2750)+
   35    3              0            delta(2750)++
   36   -3              0             delta(2950)-
   36   -1              0             delta(2950)0
   36    1              0             delta(2950)+
   36    3              0            delta(2950)++
   37   -3              0             delta(3300)-
   37   -1              0             delta(3300)0
   37    1              0             delta(3300)+
   37    3              0            delta(3300)++
   38   -3              0             delta(3500)-
   38   -1              0             delta(3500)0
   38    1              0             delta(3500)+
   38    3              0            delta(3500)++
   39   -3              0             delta(3700)-
   39   -1              0             delta(3700)0
   39    1              0             delta(3700)+
   39    3              0            delta(3700)++
   40   -3              0             delta(3700)-
   40   -1              0             delta(3700)0
   40    1              0             delta(3700)+
   40    3              0            delta(3700)++
   41    0           3122                   lambda
   42    0          13122             lambda(1405)
   43    0           3124             lambda(1520)
   44    0          23122             lambda(1600)
   45    0          33122             lambda(1670)
   46    0          13124             lambda(1690)
   47    0          43122             lambda(1800)
   48    0          53122             lambda(1810)
   49    0           3126             lambda(1820)
   50    0          13126             lambda(1830)
   51    0          23124             lambda(1890)
   52    0           3128             lambda(2100)
   53    0          23126             lambda(2110)
   54   -2           3112                   sigma-
   54    0           3212                   sigma0
   54    2           3222                   sigma+
   55   -2           3114             sigma(1385)-
   55    0           3214             sigma(1385)0
   55    2           3224             sigma(1385)+
   56   -2          13112             sigma(1660)-
   56    0          13212             sigma(1660)0
   56    2          13222             sigma(1660)+
   57   -2          13114             sigma(1670)-
   57    0          13214             sigma(1670)0
   57    2          13224             sigma(1670)+
   58   -2          23112             sigma(1750)-
   58    0          23212             sigma(1750)0
   58    2          23222             sigma(1750)+
   59   -2           3116             sigma(1775)-
   59    0           3216             sigma(1775)0
   59    2           3226             sigma(1775)+
   60   -2          13116             sigma(1915)-
   60    0          13216             sigma(1915)0
   60    2          13226             sigma(1915)+
   61   -2          23114             sigma(1940)-
   61    0          23214             sigma(1940)0
   61    2          23224             sigma(1940)+
   62   -2           3118             sigma(2030)-
   62    0           3218             sigma(2030)0
   62    2           3228             sigma(2030)+
   63   -1           3312                      xi-
   63    1           3322                      xi0
   64   -1           3314                xi(1530)-
   64    1           3324                xi(1530)0
   65   -1          23314                xi(1690)-
   65    1          23324                xi(1690)0
   66   -1          13314                xi(1820)-
   66    1          13324                xi(1820)0
   67   -1          33314                xi(1950)-
   67    1          33324                xi(1950)0
   68   -1          13316                xi(2030)-
   68    1          13326                xi(2030)0
   69    0           3334                   omega-
   70    0           4122                lambda_c+
  100    0             22                    gamma
  101   -2           -211                      pi-
  101    0            111                      pi0
  101    2            211                      pi+
  102    0            221                      eta
  103    0            223                    omega
  104   -2           -213                     rho-
  104    0            113                     rho0
  104    2            213                     rho+
  105    0        9010221                  f0(980)
  106   -1            311                    kaon0
  106    1            321                    kaon+
  107    0            331                eta_prime
  108   -1            313                  k_star0
  108    1            323                  k_star+
  109    0            333                      phi
  110   -1          10311           k0_star(1430)0
  110    1          10321           k0_star(1430)+
  111   -2         -10211                a0(1450)-
  111    0          10111                a0(1450)0
  111    2          10211                a0(1450)+
  112    0          10221                 f0(1370)
  113   -1          10313                k1(1270)0
  113    1          10323                k1(1270)+
  114   -2         -20213                a1(1260)-
  114    0          20113                a1(1260)0
  114    2          20213                a1(1260)+
  115    0          20223                 f1(1285)
  116    0        9000223                 f1(1510)
  117   -1            315           k2_star(1430)0
  117    1            325           k2_star(1430)+
  118   -2           -215                a2(1320)-
  118    0            115                a2(1320)0
  118    2            215                a2(1320)+
  119    0            225                 f2(1270)
  120    0            335           f2_prime(1525)
  121   -1          20313                k1(1400)0
  121    1          20323                k1(1400)+
  122   -2         -10213                b1(1235)-
  122    0          10113                b1(1235)0
  122    2          10213                b1(1235)+
  123    0          10223                 h1(1170)
  124    0          10333                 h1(1380)
  125   -1         100313            k_star(1410)0
  125    1         100323            k_star(1410)+
  126   -2        -100213               rho(1450)-
  126    0         100113               rho(1450)0
  126    2         100213               rho(1450)+
  127    0         100223              omega(1420)
  128    0         100333                phi(1680)
  129   -1          30313            k_star(1680)0
  129    1          30323            k_star(1680)+
  130   -2         -30213               rho(1700)-
  130    0          30113               rho(1700)0
  130    2          30213               rho(1700)+
  131    0          30223              omega(1650)
  132    0            337                phi(1850)
  133   -1            421                       D0
  133    1            411                       D+
  134   -1          10421                D*(2400)0
  134    1          10411                D*(2400)+
  135    0            443                    J/psi
  136    0          10441                   Chi_c0
  137    0         100443                Psi_prime
  138    0            431                      Ds+
  139    0            433                     Ds*+
  200    0     1000010020                 Deuteron
  201   -1     1000010030                   Triton
  202    1     1000020030                  Helium3
  203    0     1000020040                  Helium4
  211    0     1010010030              Hypertriton
  213   -1     1010010040                 Hyper???
  220    0     1020000020               H-dibaryon
  221    0     1020000021              Xi-dibaryon
  222    0     1020000030             Xi-tribaryon
